 -0.393848039366325160E-18  0.100726618587081496E+01  0.000000000000000000E+00 -0.730929158128810954E-02  0.507172333065490094E-18  0.000000000000000000E+00  0.000000000000000000E+00
 -0.730929158085470135E-07  0.100726618587128747E+01  0.000000000000000000E+00 -0.730929157986973197E-02  0.944991351684354444E-07  0.000000000000000000E+00  0.100000000000000008E-04
 -0.219278747311383125E-06  0.100726618587506733E+01  0.000000000000000000E+00 -0.730929156852271056E-02  0.283497405275746733E-06  0.000000000000000000E+00  0.300000000000000041E-04
 -0.511650409068883161E-06  0.100726618589396710E+01  0.000000000000000000E+00 -0.730929151178760523E-02  0.661493942976362367E-06  0.000000000000000000E+00  0.700000000000000074E-04
 -0.109639372123686195E-05  0.100726618597712636E+01  0.000000000000000000E+00 -0.730929126215314369E-02  0.141748699552313043E-05  0.000000000000000000E+00  0.150000000000000014E-03
 -0.226588024935008508E-05  0.100726618632488307E+01  0.000000000000000000E+00 -0.730929021822727260E-02  0.292947290681078104E-05  0.000000000000000000E+00  0.310000000000000054E-03
 -0.460485251400849411E-05  0.100726618774614973E+01  0.000000000000000000E+00 -0.730928595174862566E-02  0.595344313505911435E-05  0.000000000000000000E+00  0.630000000000000135E-03
 -0.928279062363995865E-05  0.100726619349169133E+01  0.000000000000000000E+00 -0.730926870429813615E-02  0.120013706614303691E-04  0.000000000000000000E+00  0.127000000000000030E-02
 -0.186386151369710373E-04  0.100726621659474547E+01  0.000000000000000000E+00 -0.730919935165710074E-02  0.240971215714794355E-04  0.000000000000000000E+00  0.255000000000000018E-02
 -0.373498491260883624E-04  0.100726630924773497E+01  0.000000000000000000E+00 -0.730892121915402860E-02  0.482877874545193498E-04  0.000000000000000000E+00  0.510999999999999996E-02
 -0.747689913624941031E-04  0.100726668032516931E+01  0.000000000000000000E+00 -0.730780730521322485E-02  0.966624209029078951E-04  0.000000000000000000E+00  0.102299999999999995E-01
 -0.149580651943447267E-03  0.100726816530851937E+01  0.000000000000000000E+00 -0.730334984156785598E-02  0.193358069531556051E-03  0.000000000000000000E+00  0.204700000000000021E-01
 -0.298991032015138991E-03  0.100727410247239213E+01  0.000000000000000000E+00 -0.728553172500615888E-02  0.386320663469799934E-03  0.000000000000000000E+00  0.409500000000000003E-01
 -0.596112354548569744E-03  0.100729777988496161E+01  0.000000000000000000E+00 -0.721452757742790246E-02  0.768828984552949414E-03  0.000000000000000000E+00  0.819100000000000106E-01
 -0.117689909472246156E-02  0.100739130713445268E+01  0.000000000000000000E+00 -0.693490995252492564E-02  0.150693313259442439E-02  0.000000000000000000E+00  0.163830000000000031E+00
 -0.172764755891841168E-02  0.100754305070142514E+01  0.000000000000000000E+00 -0.648414892156396177E-02  0.218566723599213260E-02  0.000000000000000000E+00  0.245750000000000024E+00
 -0.223516833647721116E-02  0.100774711625508906E+01  0.000000000000000000E+00 -0.588366719118600060E-02  0.278070725310193773E-02  0.000000000000000000E+00  0.327670000000000017E+00
 -0.268828022894638261E-02  0.100799583984680519E+01  0.000000000000000000E+00 -0.516072333191347574E-02  0.327335173343932563E-02  0.000000000000000000E+00  0.409590000000000010E+00
 -0.307820016231561159E-02  0.100828028288212646E+01  0.000000000000000000E+00 -0.434623538592078789E-02  0.365124705583354074E-02  0.000000000000000000E+00  0.491510000000000002E+00
 -0.339875283878565042E-02  0.100859075930860209E+01  0.000000000000000000E+00 -0.347260209990109129E-02  0.390846168540419543E-02  0.000000000000000000E+00  0.573429999999999995E+00
 -0.364641010837809740E-02  0.100891734605537131E+01  0.000000000000000000E+00 -0.257175625039112506E-02  0.404502859375917810E-02  0.000000000000000000E+00  0.655349999999999988E+00
 -0.382018556981942366E-02  0.100925033989962376E+01  0.000000000000000000E+00 -0.167359271381673251E-02  0.406612446934633345E-02  0.000000000000000000E+00  0.737269999999999981E+00
 -0.392141781493380703E-02  0.100958063813622601E+01  0.000000000000000000E+00 -0.804823967225874455E-03  0.398105708962913796E-02  0.000000000000000000E+00  0.819189999999999974E+00
 -0.395347705173668476E-02  0.100990003344855128E+01  0.000000000000000000E+00  0.117529805360140020E-04  0.380220374031335108E-02  0.000000000000000000E+00  0.901109999999999967E+00
 -0.392142665998453446E-02  0.101020142340778030E+01  0.000000000000000000E+00  0.757635364051381589E-03  0.354400176417885363E-02  0.000000000000000000E+00  0.983029999999999959E+00
 -0.383166572270782603E-02  0.101047894157912133E+01  0.000000000000000000E+00  0.141871302837682720E-02  0.322205099762657354E-02  0.000000000000000000E+00  0.106495000000000006E+01
 -0.369157244628127859E-02  0.101072802067800760E+01  0.000000000000000000E+00  0.198516002234711952E-02  0.285235458919925935E-02  0.000000000000000000E+00  0.114687000000000006E+01
 -0.350916270240528251E-02  0.101094539938139794E+01  0.000000000000000000E+00  0.245118343040390306E-02  0.245070179215518781E-02  0.000000000000000000E+00  0.122879000000000005E+01
 -0.329277321056951249E-02  0.101112908408426283E+01  0.000000000000000000E+00  0.281468032138905422E-02  0.203218284485550326E-02  0.000000000000000000E+00  0.131071000000000004E+01
 -0.305077525322204656E-02  0.101127827578112428E+01  0.000000000000000000E+00  0.307684068799288528E-02  0.161081969504454068E-02  0.000000000000000000E+00  0.139263000000000003E+01
 -0.279132218336318461E-02  0.101139327082841501E+01  0.000000000000000000E+00  0.324172316901965695E-02  0.119929463680192657E-02  0.000000000000000000E+00  0.147455000000000003E+01
 -0.252213215865439285E-02  0.101147534290165986E+01  0.000000000000000000E+00  0.331582175193373191E-02  0.808759898406275412E-03  0.000000000000000000E+00  0.155647000000000002E+01
 -0.225030631527385399E-02  0.101152661215753037E+01  0.000000000000000000E+00  0.330763543027643141E-02  0.448713426385843948E-03  0.000000000000000000E+00  0.163839000000000001E+01
 -0.198218180001198370E-02  0.101154990650664622E+01  0.000000000000000000E+00  0.322724853173925619E-02  0.126928671476118308E-03  0.000000000000000000E+00  0.172031000000000001E+01
 -0.172321856905016451E-02  0.101154861900546411E+01  0.000000000000000000E+00  0.308592666367498575E-02 -0.150571387893123551E-03  0.000000000000000000E+00  0.180223000000000000E+01
 -0.147791853258011883E-02  0.101152656466363711E+01  0.000000000000000000E+00  0.289573151348485134E-02 -0.379503668905392666E-03  0.000000000000000000E+00  0.188414999999999999E+01
 -0.124977540387301907E-02  0.101148783940486919E+01  0.000000000000000000E+00  0.266915674585954232E-02 -0.557283870512527294E-03  0.000000000000000000E+00  0.196606999999999998E+01
 -0.104125345224970471E-02  0.101143668348128268E+01  0.000000000000000000E+00  0.241878669930493820E-02 -0.682959560793764417E-03  0.000000000000000000E+00  0.204798999999999998E+01
 -0.687842248886970310E-03  0.101131398929046190E+01  0.000000000000000000E+00  0.189557464055997694E-02 -0.781794625699073760E-03  0.000000000000000000E+00  0.221182999999999996E+01
 -0.542908413741601567E-03  0.101125052337768584E+01  0.000000000000000000E+00  0.164563011284206287E-02 -0.760316396691756513E-03  0.000000000000000000E+00  0.229375000000000018E+01
 -0.309888042579829770E-03  0.101113728152472526E+01  0.000000000000000000E+00  0.121904793033560587E-02 -0.597967474055836066E-03  0.000000000000000000E+00  0.245759000000000016E+01
 -0.216873854331766757E-03  0.101109339807801391E+01  0.000000000000000000E+00  0.105863019732006965E-02 -0.469025983819624213E-03  0.000000000000000000E+00  0.253951000000000038E+01
 -0.612648155901631699E-04  0.101104179501100799E+01  0.000000000000000000E+00  0.872724623540744823E-03 -0.150892358380548021E-03  0.000000000000000000E+00  0.270335000000000036E+01
  0.910984382838093249E-05  0.101103652505805419E+01  0.000000000000000000E+00  0.853888914118343650E-03  0.227330306479567345E-04  0.000000000000000000E+00  0.278527000000000058E+01
  0.155624196711261252E-03  0.101106827277950773E+01  0.000000000000000000E+00  0.967770602137605577E-03  0.358714973114548246E-03  0.000000000000000000E+00  0.294911000000000056E+01
  0.239868113688170465E-03  0.101110379704675823E+01  0.000000000000000000E+00  0.109643831437689207E-02  0.505098882124873304E-03  0.000000000000000000E+00  0.303103000000000078E+01
  0.448487250322079814E-03  0.101120565807752993E+01  0.000000000000000000E+00  0.147411978333012936E-02  0.717361416661253803E-03  0.000000000000000000E+00  0.319487000000000076E+01
  0.578708187990898499E-03  0.101126686177626723E+01  0.000000000000000000E+00  0.170906925759209058E-02  0.770125871438063722E-03  0.000000000000000000E+00  0.327679000000000098E+01
  0.900565637555700163E-03  0.101139336350749276E+01  0.000000000000000000E+00  0.222562278336187191E-02  0.742671639446051209E-03  0.000000000000000000E+00  0.344063000000000097E+01
  0.109359609879986636E-02  0.101145097121272864E+01  0.000000000000000000E+00  0.248561655203552619E-02  0.655226911147218727E-03  0.000000000000000000E+00  0.352255000000000118E+01
  0.130741027337153391E-02  0.101149929976986175E+01  0.000000000000000000E+00  0.273099163704106866E-02  0.515971408494133536E-03  0.000000000000000000E+00  0.360447000000000140E+01
  0.154030285616769567E-02  0.101153408634802489E+01  0.000000000000000000E+00  0.294930196700648453E-02  0.324706962774518331E-03  0.000000000000000000E+00  0.368639000000000161E+01
  0.178954084788951863E-02  0.101155111546904175E+01  0.000000000000000000E+00  0.312795528000581755E-02  0.828034604001453623E-04  0.000000000000000000E+00  0.376831000000000182E+01
  0.205136466250472596E-02  0.101154635102750801E+01  0.000000000000000000E+00  0.325453663624281683E-02 -0.206717649229730828E-03  0.000000000000000000E+00  0.385023000000000204E+01
  0.232101672436540096E-02  0.101151607423762524E+01  0.000000000000000000E+00  0.331715580765000809E-02 -0.539122764574518883E-03  0.000000000000000000E+00  0.393215000000000225E+01
  0.259279945153119678E-02  0.101145702547092942E+01  0.000000000000000000E+00  0.330481705731859891E-02 -0.907932472872517802E-03  0.000000000000000000E+00  0.401407000000000203E+01
  0.286016438839097617E-02  0.101136654758061617E+01  0.000000000000000000E+00  0.320780949830399859E-02 -0.130491985767330985E-02  0.000000000000000000E+00  0.409599000000000224E+01
  0.311583407897417447E-02  0.101124272784186142E+01  0.000000000000000000E+00  0.301811558336424366E-02 -0.172014718429615732E-02  0.000000000000000000E+00  0.417791000000000246E+01
  0.335195802889605736E-02  0.101108453504241713E+01  0.000000000000000000E+00  0.272983412398247142E-02 -0.214204915040104582E-02  0.000000000000000000E+00  0.425983000000000267E+01
  0.356030373560139654E-02  0.101089194750031286E+01  0.000000000000000000E+00  0.233961228856509806E-02 -0.255757307084450349E-02  0.000000000000000000E+00  0.434175000000000288E+01
  0.373248319380195797E-02  0.101066606683538907E+01  0.000000000000000000E+00  0.184707791687690093E-02 -0.295238885958874417E-02  0.000000000000000000E+00  0.442367000000000310E+01
  0.386021439244736220E-02  0.101040921116283156E+01  0.000000000000000000E+00  0.125525876290925420E-02 -0.331118420007093595E-02  0.000000000000000000E+00  0.450559000000000331E+01
  0.393561595968658536E-02  0.101012498002803364E+01  0.000000000000000000E+00  0.570968470063751635E-03 -0.361806228470916424E-02  0.000000000000000000E+00  0.458751000000000353E+01
  0.395153109620666968E-02  0.100981828194514245E+01  0.000000000000000000E+00 -0.194870168303683255E-03 -0.385705994226759113E-02  0.000000000000000000E+00  0.466943000000000374E+01
  0.390187406188065387E-02  0.100949531402398018E+01  0.000000000000000000E+00 -0.102700578580253036E-02 -0.401280128459103637E-02  0.000000000000000000E+00  0.475135000000000396E+01
  0.378198857360412428E-02  0.100916348221239782E+01  0.000000000000000000E+00 -0.190579725571498682E-02 -0.407129403600107152E-02  0.000000000000000000E+00  0.483327000000000417E+01
  0.358900248168298516E-02  0.100883125067762647E+01  0.000000000000000000E+00 -0.280737779462984392E-02 -0.402085996866957240E-02  0.000000000000000000E+00  0.491519000000000439E+01
  0.332215722590948866E-02  0.100850791052984134E+01  0.000000000000000000E+00 -0.370411924632048882E-02 -0.385316526185346207E-02  0.000000000000000000E+00  0.499711000000000460E+01
  0.298308447416552238E-02  0.100820326229280322E+01  0.000000000000000000E+00 -0.456546803281113450E-02 -0.356428083660376063E-02  0.000000000000000000E+00  0.507903000000000482E+01
  0.257599725388614736E-02  0.100792721397248664E+01  0.000000000000000000E+00 -0.535920178280491818E-02 -0.315566028639672168E-02  0.000000000000000000E+00  0.516095000000000503E+01
  0.210776065943227460E-02  0.100768930747754393E+01  0.000000000000000000E+00 -0.605310734893331221E-02 -0.263488312595105533E-02  0.000000000000000000E+00  0.524287000000000525E+01
  0.158781007727290622E-02  0.100749819970963039E+01  0.000000000000000000E+00 -0.661700559475362788E-02 -0.201598895139488673E-02  0.000000000000000000E+00  0.532479000000000546E+01
  0.102789472956475183E-02  0.100736113866876220E+01  0.000000000000000000E+00 -0.702495545978497078E-02 -0.131924184524517991E-02  0.000000000000000000E+00  0.540671000000000568E+01
  0.441641783908607076E-03  0.100728348585854155E+01  0.000000000000000000E+00 -0.725738227042463206E-02 -0.570227278765796553E-03  0.000000000000000000E+00  0.548863000000000589E+01
 -0.156040416532168976E-03  0.100726834003047205E+01  0.000000000000000000E+00 -0.730282540250851240E-02  0.201705705591622504E-03  0.000000000000000000E+00  0.557055000000000611E+01
 -0.749676654059017351E-03  0.100731631077016703E+01  0.000000000000000000E+00 -0.715901773719697983E-02  0.965509180587232371E-03  0.000000000000000000E+00  0.565247000000000632E+01
 -0.132399314387329336E-02  0.100742547318284248E+01  0.000000000000000000E+00 -0.683310410249464775E-02  0.169074123903353466E-02  0.000000000000000000E+00  0.573439000000000654E+01
 -0.186466651042437558E-02  0.100759151011543491E+01  0.000000000000000000E+00 -0.634095834470183549E-02  0.234978440789010597E-02  0.000000000000000000E+00  0.581631000000000675E+01
 -0.235898364553024150E-02  0.100780802191338914E+01  0.000000000000000000E+00 -0.570572371401638096E-02  0.291967274892278176E-02  0.000000000000000000E+00  0.589823000000000697E+01
 -0.279635847502465382E-02  0.100806696223711190E+01  0.000000000000000000E+00 -0.495582795201098859E-02  0.338331807912935168E-02  0.000000000000000000E+00  0.598015000000000718E+01
 -0.316867504287184900E-02  0.100835914663834258E+01  0.000000000000000000E+00 -0.412277932178005402E-02  0.373005871079568323E-02  0.000000000000000000E+00  0.606207000000000740E+01
 -0.347045102969536796E-02  0.100867477968276908E+01  0.000000000000000000E+00 -0.323902925284085680E-02  0.395558059855747116E-02  0.000000000000000000E+00  0.614399000000000761E+01
 -0.369883645749268571E-02  0.100900395439798518E+01  0.000000000000000000E+00 -0.233611353080325108E-02  0.406134794370222301E-02  0.000000000000000000E+00  0.622591000000000783E+01
 -0.385347587337422524E-02  0.100933709088055479E+01  0.000000000000000000E+00 -0.144319001332394027E-02  0.405371660749510171E-02  0.000000000000000000E+00  0.630783000000000804E+01
 -0.393626833100141175E-02  0.100966529504801805E+01  0.000000000000000000E+00 -0.586005124887141330E-03  0.394289653418758435E-02  0.000000000000000000E+00  0.638975000000000826E+01
 -0.395105941672907468E-02  0.100998063087802636E+01  0.000000000000000000E+00  0.213740249414037624E-03  0.374189578754607335E-02  0.000000000000000000E+00  0.647167000000000847E+01
 -0.390329558166483803E-02  0.101027630860110196E+01  0.000000000000000000E+00  0.938689063037102919E-03  0.346553604336825426E-02  0.000000000000000000E+00  0.655359000000000869E+01
 -0.379966522941473962E-02  0.101054679699827865E+01  0.000000000000000000E+00  0.157586573082245341E-02  0.312958967284833597E-02  0.000000000000000000E+00  0.663551000000000890E+01
 -0.364774491800881400E-02  0.101078787073693932E+01  0.000000000000000000E+00  0.211652482727607734E-02  0.275005793730296764E-02  0.000000000000000000E+00  0.671743000000000912E+01
 -0.345566357641283965E-02  0.101099660437921712E+01  0.000000000000000000E+00  0.255587160039784204E-02  0.234258954441702747E-02  0.000000000000000000E+00  0.679935000000000933E+01
 -0.323179320471245028E-02  0.101117132411706545E+01  0.000000000000000000E+00  0.289270167498910337E-02  0.192202743866271160E-02  0.000000000000000000E+00  0.688127000000000955E+01
 -0.298447117457458508E-02  0.101131152705776506E+01  0.000000000000000000E+00  0.312899470413437707E-02  0.150206678341575266E-02  0.000000000000000000E+00  0.696319000000000976E+01
 -0.272175684415513824E-02  0.101141777643294772E+01  0.000000000000000000E+00  0.326948627626046486E-02  0.109500626827035291E-02  0.000000000000000000E+00  0.704511000000000998E+01
 -0.245122355267983049E-02  0.101149157968797376E+01  0.000000000000000000E+00  0.332123443738421885E-02  0.711576280359713965E-03  0.000000000000000000E+00  0.712703000000001019E+01
 -0.217978596601032647E-02  0.101153525515350551E+01  0.000000000000000000E+00  0.329319152239418433E-02  0.360829844149637897E-03  0.000000000000000000E+00  0.720895000000001041E+01
 -0.191356203606572392E-02  0.101155179195168143E+01  0.000000000000000000E+00  0.319578816411003825E-02  0.500847942893444648E-04  0.000000000000000000E+00  0.729087000000001062E+01
 -0.165776838266480219E-02  0.101154470694287268E+01  0.000000000000000000E+00  0.304053389457708450E-02 -0.215092002089580794E-03  0.000000000000000000E+00  0.737279000000001083E+01
 -0.141664761124191975E-02  0.101151790185035639E+01  0.000000000000000000E+00  0.283963725953899262E-02 -0.430865583029939542E-03  0.000000000000000000E+00  0.745471000000001105E+01
 -0.119342587907877279E-02  0.101147552317638811E+01  0.000000000000000000E+00  0.260564751200069661E-02 -0.595084636514640213E-03  0.000000000000000000E+00  0.753663000000001126E+01
 -0.990298874121776831E-03  0.101142182711144235E+01  0.000000000000000000E+00  0.235111949746424562E-02 -0.707208514904420936E-03  0.000000000000000000E+00  0.761855000000001148E+01
 -0.648058438267351848E-03  0.101129729514155908E+01  0.000000000000000000E+00  0.182885873617095107E-02 -0.780478577165588682E-03  0.000000000000000000E+00  0.778239000000001191E+01
 -0.508415698071283846E-03  0.101123440979143076E+01  0.000000000000000000E+00  0.158359961015289239E-02 -0.747661394919632853E-03  0.000000000000000000E+00  0.786431000000001212E+01
 -0.284336933382255759E-03  0.101112483431393563E+01  0.000000000000000000E+00  0.117331002951144808E-02 -0.566927495044863882E-03  0.000000000000000000E+00  0.802815000000001255E+01
 -0.194634608150149387E-03  0.101108377709161101E+01  0.000000000000000000E+00  0.102375803559142048E-02 -0.431378715479271589E-03  0.000000000000000000E+00  0.811007000000001277E+01
 -0.427304137743885241E-04  0.101103905047661269E+01  0.000000000000000000E+00  0.862911903191634281E-03 -0.105963933732279797E-03  0.000000000000000000E+00  0.827391000000001320E+01
  0.273836627905927596E-04  0.101103749635976103E+01  0.000000000000000000E+00  0.857358534644557481E-03  0.681694857419199167E-04  0.000000000000000000E+00  0.835583000000001341E+01
  0.176606436821770971E-03  0.101107636742343043E+01  0.000000000000000000E+00  0.996969389897125764E-03  0.398845134143059664E-03  0.000000000000000000E+00  0.851967000000001384E+01
  0.263722956786949453E-03  0.101111495919142058E+01  0.000000000000000000E+00  0.113715986847067146E-02  0.539535174596067588E-03  0.000000000000000000E+00  0.860159000000001406E+01
  0.480607120915214773E-03  0.101122117704428471E+01  0.000000000000000000E+00  0.153302933878544803E-02  0.734981628073654502E-03  0.000000000000000000E+00  0.876543000000001449E+01
  0.615911652574943971E-03  0.101128339408694568E+01  0.000000000000000000E+00  0.177386524103502106E-02  0.777020926319652613E-03  0.000000000000000000E+00  0.884735000000001470E+01
  0.948847600274011329E-03  0.101140904546257415E+01  0.000000000000000000E+00  0.229415638525254373E-02  0.724792141497624959E-03  0.000000000000000000E+00  0.901119000000001513E+01
  0.114740604708128322E-02  0.101146464189271867E+01  0.000000000000000000E+00  0.255151749354699114E-02  0.623938247952721928E-03  0.000000000000000000E+00  0.909311000000001535E+01
  0.136640159541644591E-02  0.101150984997438576E+01  0.000000000000000000E+00  0.279104523203601868E-02  0.471076198162003260E-03  0.000000000000000000E+00  0.917503000000001556E+01
  0.160386227365667345E-02  0.101154040690088443E+01  0.000000000000000000E+00  0.300022560583629002E-02  0.266407568846043917E-03  0.000000000000000000E+00  0.925695000000001578E+01
  0.185678616553228647E-02  0.101155213097556684E+01  0.000000000000000000E+00  0.316648042284907319E-02  0.117257862143259838E-04  0.000000000000000000E+00  0.933887000000001599E+01
  0.212114949738722051E-02  0.101154105535621053E+01  0.000000000000000000E+00  0.327749716654852094E-02 -0.289506002461553398E-03  0.000000000000000000E+00  0.942079000000001621E+01
  0.239194272129660815E-02  0.101150356722629753E+01  0.000000000000000000E+00  0.332158237721343888E-02 -0.632100940326370828E-03  0.000000000000000000E+00  0.950271000000001642E+01
  0.266323645817427611E-02  0.101143655026913271E+01  0.000000000000000000E+00  0.328803699188137070E-02 -0.100912260416492652E-02  0.000000000000000000E+00  0.958463000000001664E+01
  0.292827902394386403E-02  0.101133752792950005E+01  0.000000000000000000E+00  0.316755170338770247E-02 -0.141189263820793841E-02  0.000000000000000000E+00  0.966655000000001685E+01
  0.317962707534321081E-02  0.101120480445080885E+01  0.000000000000000000E+00  0.295261964878433016E-02 -0.183003871296437111E-02  0.000000000000000000E+00  0.974847000000001707E+01
  0.340931064199265525E-02  0.101103760004146981E+01  0.000000000000000000E+00  0.263796240735433406E-02 -0.225159152771461186E-02  0.000000000000000000E+00  0.983039000000001728E+01
  0.360903339867133183E-02  0.101083617571913043E+01  0.000000000000000000E+00  0.222096307550582583E-02 -0.266314185331755415E-02  0.000000000000000000E+00  0.991231000000001750E+01
  0.377040838852377332E-02  0.101060194237750189E+01  0.000000000000000000E+00  0.170209669815148557E-02 -0.305007115114887392E-02  0.000000000000000000E+00  0.999423000000001771E+01
  0.388522841114382657E-02  0.101033754740859960E+01  0.000000000000000000E+00  0.108534311208536866E-02 -0.339687176249823955E-02  0.000000000000000000E+00  0.100761500000000179E+02
  0.394576877765168924E-02  0.101004693082481078E+01  0.000000000000000000E+00  0.378559836791741685E-03 -0.368757436597860104E-02  0.000000000000000000E+00  0.101580700000000181E+02
  0.394511791413528195E-02  0.100973534136548748E+01  0.000000000000000000E+00 -0.406217260555047648E-03 -0.390630019983851957E-02  0.000000000000000000E+00  0.102399900000000184E+02
  0.387752816402236414E-02  0.100940930176451449E+01  0.000000000000000000E+00 -0.125259001696687066E-02 -0.403795171030613739E-02  0.000000000000000000E+00  0.103219100000000186E+02
  0.352650718406853289E-02  0.100874567639883206E+01  0.000000000000000000E+00 -0.304290672161541733E-02 -0.398867356722465080E-02  0.000000000000000000E+00  0.104857500000000190E+02
  0.324056586916109590E-02  0.100842625429828692E+01  0.000000000000000000E+00 -0.393345614666924803E-02 -0.378954953876765085E-02  0.000000000000000000E+00  0.105676700000000192E+02
  0.288324172317872647E-02  0.100812811581043471E+01  0.000000000000000000E+00 -0.478030941962330654E-02 -0.346906044621626917E-02  0.000000000000000000E+00  0.106495900000000194E+02
  0.245943827318500542E-02  0.100786112152784724E+01  0.000000000000000000E+00 -0.555106876298808172E-02 -0.303019931412493171E-02  0.000000000000000000E+00  0.107315100000000196E+02
  0.197670561893009298E-02  0.100763463358778638E+01  0.000000000000000000E+00 -0.621384534310609818E-02 -0.248221877993878241E-02  0.000000000000000000E+00  0.108134300000000199E+02
  0.144511466422757632E-02  0.100745699104322184E+01  0.000000000000000000E+00 -0.673935083491641451E-02 -0.184083052609402024E-02  0.000000000000000000E+00  0.108953500000000201E+02
  0.876953456154919912E-03  0.100733499278960337E+01  0.000000000000000000E+00 -0.710310926989679309E-02 -0.112780128352833568E-02  0.000000000000000000E+00  0.109772700000000203E+02
  0.286246526030252977E-03  0.100727344116168016E+01  0.000000000000000000E+00 -0.728751612389450659E-02 -0.369872434214766179E-03  0.000000000000000000E+00  0.110591900000000205E+02
 -0.311877660743840944E-03  0.100727480060281316E+01  0.000000000000000000E+00 -0.728343691478095488E-02  0.402949715583309073E-03  0.000000000000000000E+00  0.111411100000000207E+02
 -0.901921831173402972E-03  0.100733901638052292E+01  0.000000000000000000E+00 -0.709107524266276278E-02  0.115955072819654828E-02  0.000000000000000000E+00  0.112230300000000209E+02
 -0.146879033810834924E-02  0.100746351865781469E+01  0.000000000000000000E+00 -0.671995315547301193E-02  0.187002248547650995E-02  0.000000000000000000E+00  0.113049500000000211E+02
 -0.199852117010767844E-02  0.100764341134128044E+01  0.000000000000000000E+00 -0.618800747193499080E-02  0.250780615522354323E-02  0.000000000000000000E+00  0.113868700000000214E+02
 -0.247891283190298682E-02  0.100787181938427906E+01  0.000000000000000000E+00 -0.551996530838944326E-02  0.305137770302097442E-02  0.000000000000000000E+00  0.114687900000000216E+02
 -0.289999773654698624E-02  0.100814034893999072E+01  0.000000000000000000E+00 -0.474527212677000685E-02  0.348529924268626331E-02  0.000000000000000000E+00  0.115507100000000218E+02
 -0.325433808459560511E-02  0.100843960580640579E+01  0.000000000000000000E+00 -0.389587990542771857E-02  0.380059489535032385E-02  0.000000000000000000E+00  0.116326300000000220E+02
 -0.353714429212928852E-02  0.100875971931327379E+01  0.000000000000000000E+00 -0.300416571318907338E-02  0.399452843069953052E-02  0.000000000000000000E+00  0.117145500000000222E+02
 -0.374623499392088720E-02  0.100909082851765675E+01  0.000000000000000000E+00 -0.210116873483980234E-02  0.406993408205554019E-02  0.000000000000000000E+00  0.117964700000000224E+02
 -0.388186917693328880E-02  0.100942350126890856E+01  0.000000000000000000E+00 -0.121523969017981468E-02  0.403427560622703421E-02  0.000000000000000000E+00  0.118783900000000227E+02
 -0.394648524868246309E-02  0.100974907060817620E+01  0.000000000000000000E+00 -0.371116174119604696E-03  0.389859282084353961E-02  0.000000000000000000E+00  0.119603100000000229E+02
 -0.394438053388103914E-02  0.101005988456227969E+01  0.000000000000000000E+00  0.410616933797428529E-03  0.367645734816473939E-02  0.000000000000000000E+00  0.120422300000000231E+02
 -0.388136004698380133E-02  0.101034947359985061E+01  0.000000000000000000E+00  0.111375048077191202E-02  0.338301640980988522E-02  0.000000000000000000E+00  0.121241500000000233E+02
 -0.376437738109411824E-02  0.101061264487498503E+01  0.000000000000000000E+00  0.172643283836282314E-02  0.303416582817859224E-02  0.000000000000000000E+00  0.122060700000000235E+02
 -0.360118456351247790E-02  0.101084551454067584E+01  0.000000000000000000E+00  0.224097984787142860E-02  0.264586549880999750E-02  0.000000000000000000E+00  0.122879900000000237E+02
 -0.340000251698767799E-02  0.101104548970945074E+01  0.000000000000000000E+00  0.265357023317313841E-02  0.223359285142685909E-02  0.000000000000000000E+00  0.123699100000000239E+02
 -0.316921962056879386E-02  0.101121121083623322E+01  0.000000000000000000E+00  0.296387041050339729E-02  0.181192037001826718E-02  0.000000000000000000E+00  0.124518300000000242E+02
 -0.291712277598621308E-02  0.101134246397704564E+01  0.000000000000000000E+00  0.317462049165552181E-02  0.139419960624853926E-02  0.000000000000000000E+00  0.125337500000000244E+02
 -0.265166319941527798E-02  0.101144007091695864E+01  0.000000000000000000E+00  0.329120347634725020E-02  0.992334032801646046E-03  0.000000000000000000E+00  0.126156700000000246E+02
 -0.238025767256923575E-02  0.101150576377836332E+01  0.000000000000000000E+00  0.332121231178348752E-02  0.616624838668783804E-03  0.000000000000000000E+00  0.126975900000000248E+02
 -0.210962500852298956E-02  0.101154204951740834E+01  0.000000000000000000E+00  0.327402435778893124E-02  0.275676241358923605E-03  0.000000000000000000E+00  0.127795100000000250E+02
 -0.184565685660472789E-02  0.101155206872146941E+01  0.000000000000000000E+00  0.316038937209300701E-02 -0.236505758991476032E-04  0.000000000000000000E+00  0.128614300000000252E+02
 -0.159332156571130134E-02  0.101153945232339626E+01  0.000000000000000000E+00  0.299203496276415114E-02 -0.276243531174655711E-03  0.000000000000000000E+00  0.129433500000000254E+02
 -0.135659956008973718E-02  0.101150817922066727E+01  0.000000000000000000E+00  0.278129215520926979E-02 -0.478712477921242356E-03  0.000000000000000000E+00  0.130252700000000257E+02
 -0.113844849772773015E-02  0.101146243729599461E+01  0.000000000000000000E+00  0.254074299052882381E-02 -0.629334110207303084E-03  0.000000000000000000E+00  0.131071900000000259E+02
 -0.764560357673611498E-03  0.101134454993485035E+01  0.000000000000000000E+00  0.201986077467793384E-02 -0.775983207833172493E-03  0.000000000000000000E+00  0.132710300000000263E+02
 -0.609689940089886751E-03  0.101128066206318246E+01  0.000000000000000000E+00  0.176311335184568211E-02 -0.776090215494543005E-03  0.000000000000000000E+00  0.133529500000000265E+02
 -0.359410101544281396E-03  0.101116175082213178E+01  0.000000000000000000E+00  0.130955204114643333E-02 -0.649557754193304097E-03  0.000000000000000000E+00  0.135167900000000270E+02
 -0.259734473840833938E-03  0.101111307080193114E+01  0.000000000000000000E+00  0.113026036715603594E-02 -0.533984871925459719E-03  0.000000000000000000E+00  0.135987100000000272E+02
 -0.959571916166436977E-04  0.101104930382738889E+01  0.000000000000000000E+00  0.899608357984616001E-03 -0.231955898467373957E-03  0.000000000000000000E+00  0.137625500000000276E+02
  0.457686223317206749E-04  0.101103943633267646E+01  0.000000000000000000E+00  0.864291047857944817E-03  0.113389325477330940E-03  0.000000000000000000E+00  0.139263900000000280E+02
  0.118617997017696843E-03  0.101105570271148881E+01  0.000000000000000000E+00  0.922561608053745286E-03  0.282183229523324695E-03  0.000000000000000000E+00  0.140083100000000282E+02
  0.288477662173569865E-03  0.101112683806365911E+01  0.000000000000000000E+00  0.118065977897301297E-02  0.572173005335791310E-03  0.000000000000000000E+00  0.141721500000000287E+02
  0.392755279392212168E-03  0.101117827942272465E+01  0.000000000000000000E+00  0.137115842491284767E-02  0.678446462118811183E-03  0.000000000000000000E+00  0.142540700000000289E+02
  0.654511754182797467E-03  0.101130004172387111E+01  0.000000000000000000E+00  0.183978300225468645E-02  0.780908607436771101E-03  0.000000000000000000E+00  0.144179100000000293E+02
  0.815810979174643640E-03  0.101136375117855692E+01  0.000000000000000000E+00  0.209960131743325762E-02  0.766616514349422991E-03  0.000000000000000000E+00  0.144998300000000295E+02
  0.120261139329083189E-02  0.101147760625200989E+01  0.000000000000000000E+00  0.261620746146479797E-02  0.589104333003446883E-03  0.000000000000000000E+00  0.146636700000000300E+02
  0.142665428729440297E-02  0.101151940325281897E+01  0.000000000000000000E+00  0.284903509835752848E-02  0.422648925067585545E-03  0.000000000000000000E+00  0.147455900000000302E+02
  0.166847884340596067E-02  0.101154544540057545E+01  0.000000000000000000E+00  0.304822826306854399E-02  0.204697678863490347E-03  0.000000000000000000E+00  0.148275100000000304E+02
  0.192481476796319277E-02  0.101155159388635152E+01  0.000000000000000000E+00  0.320124527687655480E-02 -0.625271251373392043E-04  0.000000000000000000E+00  0.149094300000000306E+02
  0.219137654402849508E-02  0.101153396060804868E+01  0.000000000000000000E+00  0.329590008990315094E-02 -0.375116947510441517E-03  0.000000000000000000E+00  0.149913500000000308E+02
  0.246290712740818585E-02  0.101148904842206355E+01  0.000000000000000000E+00  0.332072154963560353E-02 -0.727429889377231289E-03  0.000000000000000000E+00  0.150732700000000310E+02
  0.273325196696940767E-02  0.101141389408326998E+01  0.000000000000000000E+00  0.326533417133577884E-02 -0.111207300047080145E-02  0.000000000000000000E+00  0.151551900000000312E+02
  0.299546502929705751E-02  0.101130621123986542E+01  0.000000000000000000E+00  0.312085831737726489E-02 -0.151991970186653039E-02  0.000000000000000000E+00  0.152371100000000315E+02
  0.324194830387579186E-02  0.101116453032024833E+01  0.000000000000000000E+00  0.288032681553689876E-02 -0.194016960903062655E-02  0.000000000000000000E+00  0.153190300000000317E+02
  0.346462596455568688E-02  0.101098833147347467E+01  0.000000000000000000E+00  0.253911351876146300E-02 -0.236046003265521836E-02  0.000000000000000000E+00  0.154009500000000319E+02
  0.365515390003351382E-02  0.101077816587011160E+01  0.000000000000000000E+00  0.209536680478566344E-02 -0.276704080025779158E-02  0.000000000000000000E+00  0.154828700000000321E+02
  0.380516460406116501E-02  0.101053575961186848E+01  0.000000000000000000E+00  0.155043711970236108E-02 -0.314502660366651390E-02  0.000000000000000000E+00  0.155647900000000323E+02
  0.390654630208759051E-02  0.101026409323510036E+01  0.000000000000000000E+00  0.909281914167986817E-03 -0.347874342078966468E-02  0.000000000000000000E+00  0.156467100000000325E+02
  0.395175351395213054E-02  0.100996744837220787E+01  0.000000000000000000E+00  0.180823267599509703E-03 -0.375218689977103092E-02  0.000000000000000000E+00  0.157286300000000328E+02
  0.393414381285648544E-02  0.100965141168740447E+01  0.000000000000000000E+00 -0.621777061123133146E-03 -0.394960963647445450E-02  0.000000000000000000E+00  0.158105500000000330E+02
  0.384833214385374824E-02  0.100932282499066917E+01  0.000000000000000000E+00 -0.148097310434306176E-02 -0.405624913500056243E-02  0.000000000000000000E+00  0.158924700000000332E+02
  0.369054958678815105E-02  0.100898966989405725E+01  0.000000000000000000E+00 -0.237488196878194455E-02 -0.405919652908801314E-02  0.000000000000000000E+00  0.159743900000000334E+02
  0.345898795214564679E-02  0.100866087614765743E+01  0.000000000000000000E+00 -0.327759503093522130E-02 -0.394838544513936417E-02  0.000000000000000000E+00  0.160563100000000318E+02
  0.315410549595223537E-02  0.100834604568302288E+01  0.000000000000000000E+00 -0.415982804373626544E-02 -0.371764933014433066E-02  0.000000000000000000E+00  0.161382300000000320E+02
  0.277886327044748679E-02  0.100805509021688788E+01  0.000000000000000000E+00 -0.498997279401036577E-02 -0.336575556348955428E-02  0.000000000000000000E+00  0.162201500000000323E+02
  0.233885776379469303E-02  0.100779778954256716E+01  0.000000000000000000E+00 -0.573557761947937530E-02 -0.289728200760594858E-02  0.000000000000000000E+00  0.163020700000000325E+02
  0.184231562932669988E-02  0.100758329010965442E+01  0.000000000000000000E+00 -0.636522128126399984E-02 -0.232316881266791692E-02  0.000000000000000000E+00  0.163839900000000327E+02
  0.129992263364387935E-02  0.100741957766715906E+01  0.000000000000000000E+00 -0.685065818028962430E-02 -0.166077268789107529E-02  0.000000000000000000E+00  0.164659100000000329E+02
  0.724472824113662171E-03  0.100731297066841186E+01  0.000000000000000000E+00 -0.716901916784878565E-02 -0.933289292789561600E-03  0.000000000000000000E+00  0.165478300000000331E+02
  0.130344807742855577E-03  0.100726768881851747E+01  0.000000000000000000E+00 -0.730478008079571417E-02 -0.168498649890544807E-03  0.000000000000000000E+00  0.166297500000000333E+02
 -0.467163191364247839E-03  0.100728554978428431E+01  0.000000000000000000E+00 -0.725119248477211400E-02  0.603083943981888018E-03  0.000000000000000000E+00  0.167116700000000336E+02
 -0.105258464549094852E-02  0.100736583479521857E+01  0.000000000000000000E+00 -0.701092934335382015E-02  0.135043675883697481E-02  0.000000000000000000E+00  0.167935900000000338E+02
 -0.161105219358978610E-02  0.100750534206048803E+01  0.000000000000000000E+00 -0.659582756114431099E-02  0.204433277924142426E-02  0.000000000000000000E+00  0.168755100000000340E+02
 -0.212900808548572087E-02  0.100769862041675551E+01  0.000000000000000000E+00 -0.602577494029234856E-02  0.265938740620333836E-02  0.000000000000000000E+00  0.169574300000000342E+02
 -0.259479476329340904E-02  0.100793835101867124E+01  0.000000000000000000E+00 -0.532693986173262031E-02  0.317559022180280599E-02  0.000000000000000000E+00  0.170393500000000344E+02
 -0.299908324741111421E-02  0.100821582805925059E+01  0.000000000000000000E+00 -0.452963361008100213E-02  0.357917875919876779E-02  0.000000000000000000E+00  0.171212700000000346E+02
 -0.333512184396083126E-02  0.100852148344561954E+01  0.000000000000000000E+00 -0.366610930958101173E-02  0.386284698797270546E-02  0.000000000000000000E+00  0.172031900000000348E+02
 -0.359881081746338261E-02  0.100884540449582483E+01  0.000000000000000000E+00 -0.276854927398581876E-02  0.402539002517026713E-02  0.000000000000000000E+00  0.172851100000000351E+02
 -0.378862581022589582E-02  0.100917780487951902E+01  0.000000000000000000E+00 -0.186740417500993626E-02  0.407094728196004917E-02  0.000000000000000000E+00  0.173670300000000353E+02
 -0.390542232252251474E-02  0.100950942309749991E+01  0.000000000000000000E+00 -0.990154938614777299E-03  0.400801811307913147E-02  0.000000000000000000E+00  0.174489500000000355E+02
 -0.395215616333703841E-02  0.100983183627939632E+01  0.000000000000000000E+00 -0.160494006071304875E-03  0.384840077194469705E-02  0.000000000000000000E+00  0.175308700000000357E+02
 -0.393355238633022811E-02  0.101013768784068514E+01  0.000000000000000000E+00  0.602124509936128476E-03  0.360616519257853530E-02  0.000000000000000000E+00  0.176127900000000359E+02
 -0.385575005583844478E-02  0.101042083483724143E+01  0.000000000000000000E+00  0.128263774199260591E-02  0.329672783105452311E-02  0.000000000000000000E+00  0.176947100000000361E+02
 -0.372594407857133186E-02  0.101067642493213672E+01  0.000000000000000000E+00  0.187030478827230956E-02  0.293606143210684272E-02  0.000000000000000000E+00  0.177766300000000363E+02
 -0.355203949858533740E-02  0.101090091447976671E+01  0.000000000000000000E+00  0.235848180927001119E-02  0.254004743005889011E-02  0.000000000000000000E+00  0.178585500000000366E+02
 -0.334232870729404353E-02  0.101109203917419088E+01  0.000000000000000000E+00  0.274429531981414555E-02  0.212396333675360675E-02  0.000000000000000000E+00  0.179404700000000368E+02
 -0.310519815986722405E-02  0.101124874772339424E+01  0.000000000000000000E+00  0.302825425503386791E-02  0.170208977823822294E-02  0.000000000000000000E+00  0.180223900000000370E+02
 -0.284886835482647685E-02  0.101137110762436966E+01  0.000000000000000000E+00  0.321382980790948418E-02  0.128741932944343926E-02  0.000000000000000000E+00  0.181043100000000372E+02
 -0.258116884992911060E-02  0.101146019065865356E+01  0.000000000000000000E+00  0.330702289367778603E-02  0.891449828786575606E-03  0.000000000000000000E+00  0.181862300000000374E+02
 -0.230934875132876062E-02  0.101151794438618037E+01  0.000000000000000000E+00  0.331593238641276654E-02  0.524046884225702007E-03  0.000000000000000000E+00  0.182681500000000376E+02
 -0.203992223892856010E-02  0.101154705476567131E+01  0.000000000000000000E+00  0.325033262731339121E-02  0.193362818634818879E-03  0.000000000000000000E+00  0.183500700000000379E+02
 -0.177854812892123699E-02  0.101155080408842579E+01  0.000000000000000000E+00  0.312126565014921638E-02 -0.941982133912096318E-04  0.000000000000000000E+00  0.184319900000000381E+02
 -0.152994211301322536E-02  0.101153292766258063E+01  0.000000000000000000E+00  0.294065166195168820E-02 -0.333977039659587088E-03  0.000000000000000000E+00  0.185139100000000383E+02
 -0.129782007439176064E-02  0.101149747209600127E+01  0.000000000000000000E+00  0.272092019109644893E-02 -0.523024559723917902E-03  0.000000000000000000E+00  0.185958300000000385E+02
 -0.108487071100646132E-02  0.101144865756447522E+01  0.000000000000000000E+00  0.247466369405718780E-02 -0.660040095232091286E-03  0.000000000000000000E+00  0.186777500000000387E+02
 -0.722134437843651670E-03  0.101132791753618068E+01  0.000000000000000000E+00  0.195185062177549826E-02 -0.780488600231303543E-03  0.000000000000000000E+00  0.188415900000000391E+02
 -0.572714080698133389E-03  0.101126415486814292E+01  0.000000000000000000E+00  0.169851913855585289E-02 -0.768707705652690995E-03  0.000000000000000000E+00  0.189235100000000394E+02
 -0.331974458052274404E-03  0.101114816037605815E+01  0.000000000000000000E+00  0.125918601062326510E-02 -0.622322669724778912E-03  0.000000000000000000E+00  0.190873500000000398E+02
 -0.236022071820397378E-03  0.101110203030822277E+01  0.000000000000000000E+00  0.109000621486236501E-02 -0.499264562260534487E-03  0.000000000000000000E+00  0.191692700000000400E+02
 -0.769152033029724298E-04  0.101104481635504340E+01  0.000000000000000000E+00  0.883535366138663513E-03 -0.188018562509117764E-03  0.000000000000000000E+00  0.193331100000000404E+02
  0.643385421054188159E-04  0.101104233880903949E+01  0.000000000000000000E+00  0.874669754232977950E-03  0.158248464295521944E-03  0.000000000000000000E+00  0.194969500000000409E+02
  0.138571023151643077E-03  0.101106218345398169E+01  0.000000000000000000E+00  0.945849994185879906E-03  0.324336666004180780E-03  0.000000000000000000E+00  0.195788700000000411E+02
  0.314190442521359019E-03  0.101113939390533902E+01  0.000000000000000000E+00  0.122682955587881436E-02  0.602887898505208688E-03  0.000000000000000000E+00  0.197427100000000415E+02
  0.422636084527581112E-03  0.101119301605807865E+01  0.000000000000000000E+00  0.142643011061343227E-02  0.700691928740022202E-03  0.000000000000000000E+00  0.198246300000000417E+02
  0.694530529577262312E-03  0.101131673960087753E+01  0.000000000000000000E+00  0.190664104949176284E-02  0.781711603489800705E-03  0.000000000000000000E+00  0.199884700000000421E+02
  0.861401608123384035E-03  0.101138001116918796E+01  0.000000000000000000E+00  0.216829671800944455E-02  0.754972602206632672E-03  0.000000000000000000E+00  0.200703900000000424E+02
  0.125918391018877622E-02  0.101148978846450799E+01  0.000000000000000000E+00  0.267946568337489380E-02  0.550718511335466111E-03  0.000000000000000000E+00  0.202342300000000428E+02
  0.148812186587828684E-02  0.101152788435563790E+01  0.000000000000000000E+00  0.290473722020328671E-02  0.370710605397800040E-03  0.000000000000000000E+00  0.203161500000000430E+02
  0.173408779092453836E-02  0.101154912950608078E+01  0.000000000000000000E+00  0.309308837323383611E-02  0.139627508537331626E-03  0.000000000000000000E+00  0.203980700000000432E+02
  0.199354403791334855E-02  0.101154943721013657E+01  0.000000000000000000E+00  0.323203684713060241E-02 -0.139874728257785195E-03  0.000000000000000000E+00  0.204799900000000434E+02
  0.226194630893743242E-02  0.101152500765674569E+01  0.000000000000000000E+00  0.330954750284646274E-02 -0.463438946271437174E-03  0.000000000000000000E+00  0.205619100000000437E+02
  0.253379508913798577E-02  0.101147246911115718E+01  0.000000000000000000E+00  0.331439740406906658E-02 -0.824966971403198876E-03  0.000000000000000000E+00  0.206438300000000439E+02
  0.280271785877170580E-02  0.101138902114225693E+01  0.000000000000000000E+00  0.323656187784872838E-02 -0.121661047315338292E-02  0.000000000000000000E+00  0.207257500000000441E+02
  0.306158371725090937E-02  0.101127257713625496E+01  0.000000000000000000E+00  0.306761931560534584E-02 -0.162879866959022234E-02  0.000000000000000000E+00  0.208076700000000443E+02
  0.330265182851055073E-02  0.101112190277317127E+01  0.000000000000000000E+00  0.280117142049078009E-02 -0.205031064355783903E-02  0.000000000000000000E+00  0.208895900000000445E+02
  0.351775476169023703E-02  0.101093674642325615E+01  0.000000000000000000E+00  0.243327385998692424E-02 -0.246840213255438388E-02  0.000000000000000000E+00  0.209715100000000447E+02
  0.369851728123178495E-02  0.101071795651437801E+01  0.000000000000000000E+00  0.196286945900362884E-02 -0.286899909619110554E-02  0.000000000000000000E+00  0.210534300000000449E+02
  0.383661033064093809E-02  0.101046757980822921E+01  0.000000000000000000E+00  0.139221173537682321E-02 -0.323697292271374771E-02  0.000000000000000000E+00  0.211353500000000452E+02
  0.392403871124409349E-02  0.101018893321154457E+01  0.000000000000000000E+00  0.727260262214321843E-03 -0.355651431151213660E-02  0.000000000000000000E+00  0.212172700000000454E+02
  0.395345910121576872E-02  0.100988664030348851E+01  0.000000000000000000E+00 -0.219793608440884292E-04 -0.381162375730044077E-02  0.000000000000000000E+00  0.212991900000000456E+02
  0.391852238848484219E-02  0.100956662234247529E+01  0.000000000000000000E+00 -0.841209327741217509E-03 -0.398673471927560048E-02  0.000000000000000000E+00  0.213811100000000458E+02
  0.381423061893281998E-02  0.100923603242828563E+01  0.000000000000000000E+00 -0.171173869603655215E-02 -0.406747894720252325E-02  0.000000000000000000E+00  0.214630300000000460E+02
  0.363729410039331401E-02  0.100890312122834946E+01  0.000000000000000000E+00 -0.261059223847506967E-02 -0.404158959620108324E-02  0.000000000000000000E+00  0.215449500000000462E+02
  0.338646849039481992E-02  0.100857702392048343E+01  0.000000000000000000E+00 -0.351090296375444928E-02 -0.389991441831856033E-02  0.000000000000000000E+00  0.216268700000000464E+02
  0.306284556472314349E-02  0.100826746158675351E+01  0.000000000000000000E+00 -0.438266187989785894E-02 -0.363747763065564757E-02  0.000000000000000000E+00  0.217087900000000467E+02
  0.267006591416921700E-02  0.100798435699008948E+01  0.000000000000000000E+00 -0.519388091607083605E-02 -0.325448751500590199E-02  0.000000000000000000E+00  0.217907100000000469E+02
  0.221441878216508585E-02  0.100773737484114978E+01  0.000000000000000000E+00 -0.591218261516855519E-02 -0.275714524716769160E-02  0.000000000000000000E+00  0.218726300000000471E+02
  0.170479582060177777E-02  0.100753540978320899E+01  0.000000000000000000E+00 -0.650676039465993960E-02 -0.215808292844975238E-02  0.000000000000000000E+00  0.219545500000000473E+02
  0.115247376346008573E-02  0.100738605951135995E+01  0.000000000000000000E+00 -0.695056262986348816E-02 -0.147626327599565971E-02  0.000000000000000000E+00  0.220364700000000475E+02
  0.570716869069982837E-03  0.100729513240340607E+01  0.000000000000000000E+00 -0.722246255194688470E-02 -0.736225115744297142E-03  0.000000000000000000E+00  0.221183900000000477E+02
 -0.257877014850077654E-04  0.100726624468430082E+01  0.000000000000000000E+00 -0.730911503026375389E-02  0.333398184123596519E-04  0.000000000000000000E+00  0.222003100000000479E+02
